target,donor,geo_distance
1,2,0.0035457350606044984
1,52,0.0052862447086755755
1,3,0.0069830024029782015
1,4,0.010328781852667824
1,53,0.010602323702377748
1,5,0.013751634044359959
1,54,0.014652903525581532
1,60,0.015491405470453655
1,59,0.01555648428951741
1,6,0.015570267752675202
1,8,0.017976344253768595
1,7,0.018102246407559384
1,55,0.01901854358251449
1,58,0.019327225612849892
1,57,0.02532946625098923
1,9,0.025772361406165272
1,10,0.026129062372193902
1,56,0.026202404650146224
1,11,0.03134584685233432
1,61,0.033047160997580455
1,12,0.03489882327371505
1,62,0.0355329776404962
1,63,0.03830436047997674
1,13,0.03833680180257598
1,45,0.04032432162554005
1,66,0.040506207240372516
1,65,0.04116501478877431
1,64,0.04258122561516994
1,23,0.043423070119004675
1,24,0.046975121340982154
1,26,0.047069657358961015
1,46,0.04815235780073496
1,34,0.04847299664194489
1,25,0.051371005931848304
1,14,0.05160860654435456
1,27,0.05459590911011551
1,47,0.05577950962297889
1,35,0.05849103041398739
1,28,0.058511414126818005
1,48,0.06201680735453896
1,29,0.06255215299963697
1,36,0.0631584959570761
1,15,0.06371058867605912
1,31,0.06445227924169938
1,30,0.06661365968365646
1,16,0.06707854834781381
1,37,0.06758200469718247
1,32,0.07022035001970577
1,17,0.07302767300825078
1,49,0.07412777375727665
1,33,0.07755871507806197
1,18,0.07797669039456594
1,50,0.07855081817174148
1,19,0.08155278172790914
1,51,0.08444395849254106
1,20,0.08579870048619613
1,21,0.09103997721270579
1,22,0.09550811051717017
1,38,0.1070809860785751
1,39,0.11147808092827034
1,43,0.11332418596861835
1,44,0.11487356767237616
1,41,0.11666787357233349
1,42,0.11684516014794957
1,40,0.11837876181984666
2,1,0.0035457350606044984
2,3,0.004245767134452818
2,4,0.00736660183259555
2,52,0.00879036119849468
2,5,0.010929237276681292
2,6,0.01228846786422123
2,53,0.014083814414071257
2,7,0.014633415941604246
2,8,0.01471732265903005
2,54,0.018139024319130274
2,60,0.01818253323632331
2,59,0.018669075469610233
2,9,0.022379643783804908
2,55,0.022504050593615446
2,10,0.022648501140031304
2,58,0.022789500179907433
2,11,0.0278491876982076
2,57,0.02886326503637457
2,56,0.02972473873543727
2,12,0.03139353816392788
2,13,0.034842394060827585
2,61,0.036046745749373874
2,45,0.037287213177710096
2,62,0.03869626350334103
2,23,0.03992586192632536
2,63,0.04159182746381799
2,66,0.043426677078956984
2,24,0.043493026315950895
2,26,0.0435496221390036
2,65,0.04422148005845132
2,34,0.0449710436046352
2,46,0.04515786509845212
2,64,0.04577657850309484
2,25,0.047886488886636845
2,14,0.04819580534538247
2,27,0.051073591136320096
2,47,0.052766206513070416
2,28,0.05498534031903411
2,35,0.05503568343765705
2,48,0.058988971392032234
2,29,0.05903295389399037
2,36,0.059691508136082455
2,15,0.060291988098668585
2,31,0.06091211458232256
2,30,0.06311131673392655
2,16,0.06366598934980902
2,37,0.06409983219517812
2,32,0.06669250126850838
2,17,0.06963868593045103
2,49,0.07104145032901561
2,33,0.07405749402025429
2,18,0.074579269139956
2,50,0.0755041334689035
2,19,0.07815729071276711
2,51,0.08144431620714854
2,20,0.08240241986738006
2,21,0.08765222415575083
2,22,0.09213746880916575
2,38,0.10362172605954793
2,39,0.10800708611424527
2,43,0.1097984823979366
2,44,0.11133933938092137
2,41,0.11317498191937118
2,42,0.11332971758157692
2,40,0.11490616863824146
3,4,0.003353547542528716
3,2,0.004245767134452818
3,5,0.006795192042172211
3,1,0.0069830024029782015
3,6,0.008754824981117518
3,8,0.011107937915292857
3,7,0.011678643738037354
3,52,0.012126715819215027
3,53,0.017413265243773204
3,60,0.01869071489938254
3,9,0.019044485445661164
3,10,0.019646500398035307
3,59,0.019934586850246013
3,54,0.021421207102542035
3,11,0.024899641742201842
3,58,0.0249229527522322
3,55,0.025764268795368552
3,12,0.028478787858509696
3,57,0.03136115192399666
3,13,0.0318499218280045
3,56,0.03278183102650006
3,45,0.033342015612737044
3,23,0.03693411701936302
3,61,0.04000976596482413
3,24,0.04041605210259905
3,26,0.04069895721575674
3,46,0.04117550231885465
3,62,0.042515282035522226
3,34,0.043158464748528816
3,25,0.04481335586507665
3,14,0.04485848837054144
3,63,0.04525466822085872
3,66,0.04744557618535161
3,65,0.04814149525222502
3,27,0.048225736127092966
3,47,0.048800559195361685
3,64,0.049559371453742236
3,28,0.05216329579848271
3,35,0.053468426523416636
3,48,0.05503645642562757
3,29,0.056148516711396736
3,15,0.056961604765403163
3,36,0.058048792012582
3,31,0.05824966485268391
3,30,0.06011205188554125
3,16,0.060315946331712327
3,37,0.06235931137280141
3,32,0.06387172000885837
3,17,0.06622226685609611
3,49,0.0671448172556155
3,33,0.07104283531785598
3,18,0.07118266479593188
3,50,0.07156920795600577
3,19,0.07475436258172495
3,51,0.07746860097129679
3,20,0.0790001774843576
3,21,0.08422682009247409
3,22,0.08866998171376828
3,38,0.10195412394856819
3,39,0.10627365610013614
3,43,0.10767887930996499
3,44,0.10912234613396103
3,42,0.11130080655844322
3,41,0.11130861422140698
3,40,0.11315894038280845
4,3,0.003353547542528716
4,5,0.003580251590321542
4,6,0.005520705742022385
4,2,0.00736660183259555
4,8,0.007807105241381052
4,7,0.008733194579304777
4,1,0.010328781852667824
4,52,0.015477009419135268
4,9,0.015801231421949304
4,10,0.016549398733790882
4,53,0.020755451377650218
4,60,0.021083572014485664
4,11,0.021796733274736323
4,59,0.02266844506025952
4,54,0.02475323633891132
4,12,0.025377466706706486
4,58,0.02795524395261114
4,13,0.028704120782389316
4,55,0.02908838542373924
4,45,0.030006480966617816
4,23,0.033777958628667844
4,57,0.034490897337123655
4,56,0.03606122059623061
4,24,0.03722115279730057
4,26,0.03759578415048678
4,46,0.037851902921913975
4,34,0.04059222044788877
4,14,0.04157386096395181
4,25,0.041614921319762146
4,61,0.04332748869436128
4,27,0.04511284958988951
4,47,0.04547257511709662
4,62,0.045861239871595315
4,63,0.04860815538343341
4,28,0.04905685913875854
4,66,0.050744996083949105
4,35,0.0510175540912145
4,65,0.051471433824986944
4,48,0.05170530801039674
4,64,0.05290926370164309
4,29,0.05301263463977236
4,15,0.053673561414256776
4,31,0.055206408331732584
4,36,0.055542358835396946
4,30,0.05692897194267604
4,16,0.057021751450214105
4,37,0.059787756283791016
4,32,0.06075588971819927
4,17,0.06291090204058433
4,49,0.06380228046684532
4,33,0.06784871240576343
4,18,0.0678748601095427
4,50,0.06823457300291394
4,19,0.07144456518252448
4,51,0.07414539300516247
4,20,0.07568993120990394
4,21,0.08091098193354218
4,22,0.08534541815469646
4,38,0.09938292622477965
4,39,0.10366308875125221
4,43,0.10486249466272482
4,44,0.10625671197519705
4,42,0.10852927585015937
4,41,0.10862283749953318
4,40,0.11053711943306639
5,4,0.003580251590321542
5,6,0.0037542122715690514
5,8,0.005295519694987441
5,3,0.006795192042172211
5,7,0.007381602122168278
5,2,0.010929237276681292
5,9,0.013220541811136141
5,1,0.013751634044359959
5,10,0.014382859443796282
5,52,0.01877854692062199
5,11,0.019524804736539586
5,60,0.022872696879904706
5,12,0.023070982857260277
5,53,0.023993587638783866
5,59,0.024856874497410246
5,13,0.02626423377066226
5,45,0.02659713242907961
5,54,0.027938492404566122
5,58,0.03052052506101428
5,23,0.03128559465456903
5,55,0.03223560920612491
5,46,0.034405577834124526
5,24,0.03461778443069397
5,26,0.03521236134910573
5,57,0.03718998324670237
5,14,0.03869780298389042
5,25,0.038989784736261315
5,56,0.03906562467899375
5,34,0.03918646922803841
5,47,0.04203575956123543
5,27,0.04268368812427057
5,28,0.04663259343474261
5,61,0.04679625427200348
5,48,0.04827617965187385
5,62,0.04925543402397347
5,35,0.04974437053577017
5,29,0.050514637730067855
5,15,0.05076924898558177
5,63,0.05191585509158069
5,31,0.052903340457479575
5,16,0.05409323961254305
5,36,0.05416942335349343
5,66,0.054239469391670944
5,30,0.05431392938998244
5,65,0.05491556288931226
5,64,0.05627933635003175
5,32,0.05829052603125137
5,37,0.05830225660298232
5,17,0.059915167561227764
5,49,0.06041146755674782
5,50,0.06481402325546527
5,18,0.06488973602797282
5,33,0.06519444352005775
5,19,0.06845003407515583
5,51,0.07069454393218758
5,20,0.07269171041769477
5,21,0.07788893888094761
5,22,0.08228551700907027
5,38,0.09783908206054469
5,39,0.10205498315016272
5,43,0.10292103522390356
5,44,0.10423007499704676
5,42,0.10666034477672567
5,41,0.10689289323898009
5,40,0.1089064413700585
6,8,0.0024328132069684908
6,7,0.0036327127453185683
6,5,0.0037542122715690514
6,4,0.005520705742022385
6,3,0.008754824981117518
6,9,0.010293785093929282
6,10,0.01106364870013512
6,2,0.01228846786422123
6,1,0.015570267752675202
6,11,0.016298746509471253
6,12,0.01987705978710133
6,52,0.020815359460023705
6,13,0.02318753069604437
6,45,0.025145036923615808
6,53,0.02612527559663243
6,60,0.026290329396567082
6,59,0.02806725317091076
6,23,0.0282589041268412
6,54,0.030151261633636395
6,24,0.031701341310581846
6,26,0.03208941920633654
6,46,0.03304876946877154
6,58,0.03346260930919757
6,55,0.03450297384125026
6,34,0.0355403000237759
6,25,0.03609570315924046
6,14,0.03610501544882655
6,27,0.03960197000718528
6,57,0.04001133168803554
6,47,0.04061873176122074
6,56,0.04153631319436042
6,28,0.043547393072949914
6,35,0.046068711961373576
6,48,0.0468177109495969
6,29,0.04749559114044168
6,15,0.04820866152238624
6,61,0.04829306274083262
6,31,0.049720975491033985
6,36,0.05052148867452349
6,62,0.050984439605530577
6,30,0.05140854111487707
6,16,0.051565144880626544
6,63,0.05385574323960256
6,37,0.05469008474833443
6,32,0.055242778584897435
6,66,0.055621727516232365
6,65,0.056485582194839776
6,17,0.05748350942566058
6,64,0.058064698567890594
6,49,0.05880938649654495
6,33,0.062329436973632364
6,18,0.06244018457692133
6,50,0.06330301444465346
6,19,0.06601352217121886
6,51,0.0692858427097485
6,20,0.07025956275447497
6,21,0.07549204139364628
6,22,0.07994787496794399
6,38,0.09425489590408559
6,39,0.0984949865300768
6,43,0.0995137201584787
6,44,0.1008706011377448
6,42,0.10321573634330186
6,41,0.10338323698637034
6,40,0.10535591823381354
7,8,0.0031879679625115417
7,6,0.0036327127453185683
7,5,0.007381602122168278
7,9,0.007896144530718812
7,10,0.008029030853720844
7,4,0.008733194579304777
7,3,0.011678643738037354
7,11,0.013263345199835571
7,2,0.014633415941604246
7,12,0.016832852607030126
7,1,0.018102246407559384
7,13,0.020245233054968767
7,52,0.023388250428794326
7,45,0.023947003310644158
7,23,0.025333450526132492
7,53,0.02870097179347761
7,24,0.028873213364639605
7,26,0.029042320118923017
7,60,0.029760419729062945
7,59,0.03140130872193068
7,46,0.0318340041743103
7,34,0.03197061842457861
7,54,0.03275394355997447
7,25,0.033269586508551656
7,14,0.03359087012046583
7,27,0.03657192418454357
7,58,0.036593755080477804
7,55,0.03711992221166417
7,47,0.039275908567212074
7,28,0.04050405606997904
7,35,0.04247299906870252
7,57,0.04303344405877824
7,56,0.04428216287005412
7,29,0.044509398511887385
7,48,0.0453954439393427
7,15,0.045677163314396
7,31,0.046571109482704
7,36,0.046945958447559735
7,30,0.04852653647696285
7,16,0.04905630116967652
7,61,0.05020316349593913
7,37,0.05114215452921399
7,32,0.052215341307799604
7,62,0.05308423706713693
7,17,0.055055174143762445
7,63,0.056126203610969407
7,49,0.057195724973200614
7,66,0.05740405037974237
7,65,0.058429812557974206
7,33,0.05946879712555156
7,18,0.05998377246297539
7,64,0.060191202728388765
7,50,0.061765495824529774
7,19,0.06356329447534957
7,20,0.06780665623757012
7,51,0.06783300885181202
7,21,0.07306574342255066
7,22,0.07757298838874269
7,38,0.09072338939082915
7,39,0.09498238396381725
7,43,0.09612930752091171
7,44,0.09752762300897118
7,42,0.09979858428354585
7,41,0.09991127606476664
7,40,0.10185027994561431
8,6,0.0024328132069684908
8,7,0.0031879679625115417
8,5,0.005295519694987441
8,4,0.007807105241381052
8,9,0.008032660835613534
8,10,0.009087413939069804
8,3,0.011107937915292857
8,11,0.014242397861315327
8,2,0.01471732265903005
8,12,0.017799481027265893
8,1,0.017976344253768595
8,13,0.02103593614175507
8,45,0.022733538753348527
8,52,0.0232063874235091
8,23,0.026083222322596553
8,60,0.02816571483843438
8,53,0.02850955099786739
8,24,0.02947379199780712
8,26,0.02997161754226816
8,59,0.03009824921984672
8,46,0.03064084551868635
8,54,0.03252654646592531
8,14,0.033766761291246145
8,25,0.03386078020512814
8,34,0.03400863220360386
8,58,0.03563708199109461
8,55,0.0368719820287709
8,27,0.03746237843130088
8,47,0.03820171031786401
8,28,0.041411003359614465
8,57,0.042237980701378255
8,56,0.04386790812610063
8,48,0.04439594346446531
8,35,0.04460229519699631
8,29,0.04532403679991442
8,15,0.045866757159842876
8,31,0.04764649476467284
8,36,0.0489852083107748
8,30,0.04918391338740747
8,16,0.04921615976587363
8,61,0.05072577985334481
8,37,0.05307952019225491
8,32,0.05308811897063218
8,62,0.053413555308835244
8,17,0.0551145845464701
8,63,0.05627236930510394
8,49,0.05637891170641729
8,66,0.058052020720471116
8,65,0.05891834266380894
8,18,0.06007582187619239
8,33,0.06009006581565709
8,64,0.06049193537026241
8,50,0.0608760316081789
8,19,0.06364701596092306
8,51,0.06686451390760274
8,20,0.06789275185356679
8,21,0.07311889534750915
8,22,0.07756445010602471
8,38,0.09259007035989335
8,39,0.09679210778829025
8,43,0.09762551563684567
8,44,0.09893693928563786
8,42,0.10136635563997551
8,41,0.10161051586248344
8,40,0.10363876896089606
9,10,0.0025038819860368836
9,11,0.006492719136078509
9,7,0.007896144530718812
9,8,0.008032660835613534
9,12,0.009932888189242832
9,6,0.010293785093929282
9,13,0.013046371977680195
9,5,0.013220541811136141
9,4,0.015801231421949304
9,45,0.016547067669227693
9,23,0.018067466117029262
9,3,0.019044485445661164
9,24,0.021441131860282018
9,26,0.021997946235046553
9,2,0.022379643783804908
9,46,0.02431850138968276
9,1,0.025772361406165272
9,25,0.02582867640820953
9,14,0.02583830344662747
9,34,0.02717058235997164
9,27,0.02946314646961522
9,52,0.03104593378995065
9,47,0.03162313806202667
9,28,0.03341205696885486
9,60,0.036030212929984214
9,53,0.036363708591946445
9,29,0.03730322347706696
9,48,0.03767651423632502
9,35,0.037819238989963845
9,15,0.037941910834590295
9,59,0.0380774135807568
9,31,0.03969838414570547
9,54,0.040402635905346505
9,30,0.0411513207564472
9,16,0.041307066284111744
9,36,0.04200733253195211
9,58,0.04366854721398454
9,55,0.04476159852429315
9,32,0.04507424614766174
9,37,0.045915810411883175
9,17,0.04726111573429053
9,49,0.04937306784249891
9,57,0.050268092174758326
9,56,0.051825359562476775
9,33,0.05205946231848735
9,18,0.05220607255444523
9,50,0.05396861378412457
9,19,0.05578298409811006
9,61,0.058097016562384675
9,20,0.0600286590545716
9,51,0.060068270322692026
9,62,0.06095515597921146
9,63,0.06395279392559797
9,21,0.0652745731949279
9,66,0.06529904324299098
9,65,0.06632230465273357
9,64,0.06805832545530341
9,22,0.06975811472832391
9,38,0.08523633578732726
9,39,0.08936294673968626
9,43,0.08988592029778637
9,44,0.09113246873035975
9,42,0.09368393577049375
9,41,0.09405351793409965
9,40,0.09617834708212654
10,9,0.0025038819860368836
10,11,0.005253619873953546
10,7,0.008029030853720844
10,12,0.008834214044271234
10,8,0.009087413939069804
10,6,0.01106364870013512
10,13,0.012218616442952865
10,5,0.014382859443796282
10,4,0.016549398733790882
10,23,0.01730693456074758
10,45,0.017957834848611322
10,3,0.019646500398035307
10,24,0.020846501467872227
10,26,0.02105589940040551
10,2,0.022648501140031304
10,34,0.025219148712436763
10,25,0.025241969019868433
10,46,0.025536255654265382
10,14,0.025677099719399753
10,1,0.026129062372193902
10,27,0.02858044264685202
10,52,0.031414469642029645
10,28,0.03252011914015691
10,47,0.03264213310875988
10,35,0.035863624437304155
10,29,0.036502967027078725
10,53,0.03672489841456342
10,60,0.03724907327410984
10,15,0.03773185939998183
10,48,0.03858043286434199
10,31,0.03865979073637099
10,59,0.039120555338594126
10,36,0.04014095564943615
10,30,0.04049936820494857
10,54,0.04077880932665884
10,16,0.04111876092491113
10,37,0.04414506841970003
10,32,0.04422649642216751
10,58,0.044503331176216465
10,55,0.045144856744152
10,17,0.047155623190135026
10,49,0.050056747019557674
10,57,0.051003352761264664
10,33,0.05144066697555544
10,18,0.05206384323654945
10,56,0.05231084600520247
10,50,0.05470194685548217
10,19,0.055644011060400705
10,61,0.057943608547017536
10,20,0.05988317840504123
10,51,0.0608540599348967
10,62,0.06092991160710807
10,63,0.0640497044793339
10,66,0.06504372211405195
10,21,0.06515342988500294
10,65,0.06617760934371995
10,64,0.06804283271425438
10,22,0.06968723738569348
10,38,0.08358724826461271
10,39,0.08776248871243338
10,43,0.08853833793210712
10,44,0.08985654483614419
10,42,0.09228055948817168
10,41,0.09254457793831035
10,40,0.09459964791398534
11,12,0.003581235820216237
11,10,0.005253619873953546
11,9,0.006492719136078509
11,13,0.006993474069444982
11,23,0.012077415157640319
11,7,0.013263345199835571
11,8,0.014242397861315327
11,45,0.01564049978261564
11,24,0.01566005986227384
11,26,0.01580269027033052
11,6,0.016298746509471253
11,5,0.019524804736539586
11,25,0.020045827241099316
11,14,0.020725212466462205
11,34,0.020897389180469447
11,4,0.021796733274736323
11,46,0.02251720884346018
11,27,0.023326824813720354
11,3,0.024899641742201842
11,28,0.027266704943025324
11,2,0.0278491876982076
11,47,0.029121089160434908
11,29,0.031251649956442286
11,1,0.03134584685233432
11,35,0.03151855961175893
11,15,0.032697671882872634
11,31,0.033424678540862576
11,48,0.034804238215769084
11,30,0.03526841649096259
11,36,0.03562016011263848
11,16,0.03609146225605164
11,52,0.036628249377359
11,32,0.03897288320101554
11,37,0.039468672703803956
11,53,0.04193236072271629
11,17,0.04217355545706341
11,60,0.04239394492802011
11,59,0.044329722374271685
11,49,0.04588621776045613
11,54,0.04598742356166515
11,33,0.0462129677676083
11,18,0.04704951296007217
11,58,0.049751943178131225
11,55,0.05035290634005155
11,50,0.050583996625019646
11,19,0.050627621797690626
11,20,0.054858328369081756
11,57,0.0562569691495196
11,51,0.056792407677259134
11,56,0.05753978393737679
11,21,0.060139850348999026
11,61,0.06288746051392122
11,22,0.06470393565657347
11,62,0.06595270469730562
11,63,0.06913726897911142
11,66,0.069906067804519
11,65,0.0711196992924605
11,64,0.07306633219205684
11,38,0.0787479127244018
11,39,0.0828705210661789
11,43,0.08343943908943781
11,44,0.08471671196340187
11,42,0.08721884672414557
11,41,0.08756573887657206
11,40,0.08968565463824188
12,13,0.0035074440209360166
12,11,0.003581235820216237
12,23,0.008545358733839114
12,10,0.008834214044271234
12,9,0.009932888189242832
12,24,0.01217989227743828
12,26,0.012221691281487992
12,45,0.01502728746148153
12,25,0.01654354876621096
12,7,0.016832852607030126
12,14,0.017491021919259064
12,8,0.017799481027265893
12,34,0.018172118989264886
12,27,0.0197469669795136
12,6,0.01987705978710133
12,46,0.021053052797634867
12,5,0.023070982857260277
12,28,0.0236859258094338
12,4,0.025377466706706486
12,47,0.02711987925655275
12,29,0.027676878888342887
12,3,0.028478787858509696
12,35,0.028674292493451367
12,15,0.02934144475924798
12,31,0.029852112480693898
12,2,0.03139353816392788
12,30,0.03171784462696043
12,48,0.03253610938296099
12,36,0.03261354460113163
12,16,0.03273648062605389
12,1,0.03489882327371505
12,32,0.03539300531178442
12,37,0.03632639708256243
12,17,0.03885162262879125
12,52,0.04017817735350869
12,33,0.042664182740209666
12,49,0.04323914486157191
12,18,0.043694477199984906
12,53,0.045477198614030725
12,60,0.045929586331252756
12,19,0.04726810169543517
12,59,0.04789515426199192
12,50,0.04796516807601117
12,54,0.04953239751758431
12,20,0.05148889758433368
12,58,0.053332710413028846
12,55,0.05389692874264731
12,51,0.05420271153530978
12,21,0.05677719304439064
12,57,0.05983727915680991
12,56,0.06109796821138983
12,22,0.06136437178404096
12,61,0.06625680373282428
12,62,0.0693716606972184
12,63,0.072597773236443
12,66,0.07321995572854441
12,65,0.07448457936009309
12,38,0.07544509025410472
12,64,0.07648371624077899
12,39,0.07952893264579881
12,43,0.07995348197270714
12,44,0.08120293900401636
12,42,0.08375784067709721
12,41,0.0841620141453376
12,40,0.08632673050040758
13,12,0.0035074440209360166
13,23,0.005088352429814637
13,11,0.006993474069444982
13,24,0.00868059263241865
13,26,0.008953161440519218
13,10,0.012218616442952865
13,9,0.013046371977680195
13,25,0.013056702638108935
13,14,0.01403799115899428
13,45,0.014094411016073002
13,27,0.01642645169992598
13,34,0.01685933643415426
13,46,0.019065138214552798
13,7,0.020245233054968767
13,28,0.020375079800825393
13,8,0.02103593614175507
13,6,0.02318753069604437
13,29,0.02430851547421194
13,47,0.024550196656849838
13,15,0.025838763999077086
13,5,0.02626423377066226
13,31,0.026659355768660308
13,35,0.02699916664565782
13,30,0.028281310255714884
13,4,0.028704120782389316
13,16,0.029233533925613633
13,48,0.02970444996595633
13,36,0.030651007697790337
13,3,0.0318499218280045
13,32,0.03205814898836178
13,37,0.03411811513785604
13,2,0.034842394060827585
13,17,0.035354046776147216
13,1,0.03833680180257598
13,33,0.03922396631461441
13,49,0.0400908801839022
13,18,0.04019059339920229
13,52,0.04362006903811589
13,19,0.0437634571126414
13,50,0.044828919516312266
13,20,0.047983043420462654
13,53,0.04892527064595551
13,60,0.0490649959237744
13,51,0.051078412620010095
13,59,0.05111967431214717
13,54,0.052980258364413335
13,21,0.053271872123663945
13,58,0.05664724024663507
13,55,0.05734585744803193
13,22,0.057861897807538296
13,57,0.06319049667038545
13,56,0.06452684131429338
13,61,0.0697641339762058
13,62,0.07287720221338077
13,38,0.07287909615856941
13,63,0.07609600927703104
13,66,0.0767229978002033
13,39,0.07688909917394017
13,43,0.07701294079568712
13,65,0.07799174563945854
13,44,0.07819091701655637
13,64,0.07998948695647444
13,42,0.08087393129711207
13,41,0.08139944220054587
13,40,0.08365028358260361
14,25,0.004413575647929912
14,24,0.00616837437660848
14,26,0.008642341555388816
14,27,0.008696186111738856
14,23,0.009611180202763869
14,28,0.011304503434030186
14,15,0.012104270807446419
14,29,0.013738259052005075
14,13,0.01403799115899428
14,46,0.014328500858080006
14,47,0.015181790503428763
14,16,0.015470618927502542
14,45,0.01614832032906209
14,30,0.01639691815555595
14,12,0.017491021919259064
14,31,0.01766652562843072
14,48,0.018307628191549012
14,11,0.020725212466462205
14,34,0.020926944826706064
14,32,0.021156222389169553
14,17,0.021478524564084958
14,10,0.025677099719399753
14,9,0.02583830344662747
14,18,0.02639407491388927
14,33,0.02687018086820409
14,49,0.026871438260353674
14,35,0.027248179164487296
14,36,0.02900760395913458
14,19,0.029974005703108802
14,37,0.03080744432405907
14,50,0.03160099599348095
14,7,0.03359087012046583
14,8,0.033766761291246145
14,20,0.03421641572242773
14,6,0.03610501544882655
14,51,0.03784042849334559
14,5,0.03869780298389042
14,21,0.039480128365799394
14,4,0.04157386096395181
14,22,0.04401074609058563
14,3,0.04485848837054144
14,2,0.04819580534538247
14,1,0.05160860654435456
14,52,0.05688406588746977
14,60,0.06086682115717893
14,53,0.062201978518050385
14,59,0.06328232059588212
14,38,0.06588478761785607
14,54,0.06624051189491212
14,43,0.06782258614783132
14,44,0.06855149129588646
14,58,0.06918210170109028
14,39,0.0694239182486843
14,55,0.07059847207588849
14,42,0.07197224762677623
14,41,0.07318768315625246
14,57,0.07588414388981404
14,40,0.07588865827282755
14,56,0.07763405063359767
14,61,0.08359322843657853
14,62,0.08660675145420246
14,63,0.08971030850961333
14,66,0.09063091638866955
14,65,0.09182696442467218
14,64,0.09371981057268523
15,16,0.0033951924510990674
15,30,0.007650691849761046
15,29,0.009043920143389143
15,17,0.009540896731963967
15,28,0.011002751105519
15,14,0.012104270807446419
15,27,0.01269233085173877
15,32,0.012698530763832474
15,25,0.013190921490934593
15,31,0.013236998337991884
15,18,0.014354480616866635
15,33,0.015728473557532558
15,48,0.017074040932948467
15,24,0.017278990868971476
15,19,0.017930891652396985
15,47,0.01827245199446424
15,26,0.018441220561014958
15,49,0.019572673576187805
15,23,0.020988995389250996
15,46,0.02208545188896976
15,20,0.022160876807789002
15,50,0.02382387457992507
15,13,0.025838763999077086
15,45,0.02677647413103524
15,34,0.027394601657990906
15,21,0.027442766379503356
15,37,0.029263636950317706
15,36,0.029316658538960393
15,12,0.02934144475924798
15,35,0.02951508201852061
15,51,0.02964965601453078
15,22,0.032023145736950955
15,11,0.032697671882872634
15,10,0.03773185939998183
15,9,0.037941910834590295
15,7,0.045677163314396
15,8,0.045866757159842876
15,6,0.04820866152238624
15,5,0.05076924898558177
15,4,0.053673561414256776
15,3,0.056961604765403163
15,38,0.05843819001209741
15,43,0.05845333544803069
15,44,0.05880248676620742
15,2,0.060291988098668585
15,39,0.06148627568636761
15,42,0.06277620927110841
15,1,0.06371058867605912
15,41,0.06454522528862999
15,40,0.06757808617037034
15,52,0.06898715661548895
15,60,0.07276863403967401
15,53,0.07430526780639445
15,59,0.07525901924540344
15,54,0.07834443904553781
15,58,0.08122049891843805
15,55,0.0827026468950662
15,57,0.08794231925785219
15,56,0.08973466512446572
15,61,0.09558145257553893
15,62,0.09864265882188089
15,63,0.10178093325318845
15,66,0.10256134105231858
15,65,0.10381236069413896
15,64,0.10575646547875928
16,15,0.0033951924510990674
16,17,0.006173325396413207
16,30,0.007715356440243058
16,29,0.010638525639391966
16,18,0.010959403111483747
16,32,0.012053157751394442
16,33,0.013260751218916688
16,28,0.013443252764491176
16,31,0.014234677298063355
16,19,0.014536336226504928
16,14,0.015470618927502542
16,27,0.015661912587228936
16,25,0.01653610897399992
16,48,0.01775048450042983
16,49,0.017982200760196177
16,20,0.018768277808312618
16,47,0.019992330426691136
16,24,0.02066391229777169
16,26,0.021748272197119514
16,50,0.02189684241574569
16,21,0.024048454249285943
16,23,0.024374145890471734
16,46,0.024599814813124062
16,51,0.027450021030228745
16,22,0.028628408870386063
16,13,0.029233533925613633
16,45,0.029763940808468222
16,34,0.030151135630022273
16,37,0.03019835246797415
16,36,0.030742759480079204
16,35,0.03140402973791738
16,12,0.03273648062605389
16,11,0.03609146225605164
16,10,0.04111876092491113
16,9,0.041307066284111744
16,7,0.04905630116967652
16,8,0.04921615976587363
16,6,0.051565144880626544
16,5,0.05409323961254305
16,43,0.05639544752708325
16,44,0.056594609919055
16,4,0.057021751450214105
16,38,0.057087997096149735
16,39,0.05994635289156464
16,3,0.060315946331712327
16,42,0.060768357781414484
16,41,0.06273721249609358
16,2,0.06366598934980902
16,40,0.06587915477182443
16,1,0.06707854834781381
16,52,0.07235294879194629
16,60,0.0760041510562417
16,53,0.07767051054010139
16,59,0.07852693327769784
16,54,0.08170749525043582
16,58,0.08451920676260513
16,55,0.08606412980127091
16,57,0.09125239337622879
16,56,0.09308244854847776
16,61,0.09897611236783349
16,62,0.10203407703532187
16,63,0.10516624775035954
16,66,0.10595630294819658
16,65,0.1072071477022405
16,64,0.10914786214021786
17,18,0.004981747975359611
17,16,0.006173325396413207
17,19,0.008535315609864659
17,15,0.009540896731963967
17,33,0.011203916259951244
17,30,0.011608130962820852
17,20,0.012779418849071317
17,32,0.014103603152740802
17,49,0.01557752346202696
17,29,0.015653993416697255
17,21,0.01801355367188824
17,31,0.01833263757482815
17,50,0.018532067786677226
17,28,0.019054518469906294
17,48,0.0195706564133654
17,14,0.021478524564084958
17,27,0.021647111737134846
17,22,0.02253364230567261
17,25,0.022709364774251214
17,51,0.023332671169199636
17,47,0.023335837284743
17,24,0.02681895318613315
17,26,0.02791532037949777
17,46,0.029054212220777885
17,23,0.03052862957225564
17,37,0.03355988265608211
17,36,0.03479710939948892
17,45,0.034953816323257204
17,13,0.035354046776147216
17,34,0.035853032011951225
17,35,0.03606900752571381
17,12,0.03885162262879125
17,11,0.04217355545706341
17,10,0.047155623190135026
17,9,0.04726111573429053
17,44,0.05375781206280624
17,43,0.053889645818561455
17,7,0.055055174143762445
17,8,0.0551145845464701
17,38,0.056047026598741154
17,6,0.05748350942566058
17,42,0.05833949884083678
17,39,0.058500343806254664
17,5,0.059915167561227764
17,41,0.06071879312774586
17,4,0.06291090204058433
17,40,0.06406715714779294
17,3,0.06622226685609611
17,2,0.06963868593045103
17,1,0.07302767300825078
17,52,0.07829256908621664
17,60,0.08158202157614144
17,53,0.0836065795011972
17,59,0.08418334070022412
17,54,0.08763474430116172
17,58,0.09025281250404334
17,55,0.09198477007091997
17,57,0.09701436705746219
17,56,0.09895574925414902
17,61,0.1050593619103029
17,62,0.10808517995081475
17,63,0.11118065676987166
17,66,0.11206636069757962
17,65,0.11329223143516955
17,64,0.11519829312923872
18,19,0.003580190839885495
18,17,0.004981747975359611
18,20,0.007823253891444417
18,33,0.01001081517410045
18,16,0.010959403111483747
18,21,0.013091288927374566
18,15,0.014354480616866635
18,30,0.014781870638048466
18,32,0.015765461229535916
18,49,0.017067249986450667
18,22,0.01767535444877981
18,50,0.018875330613793227
18,29,0.01923626678386428
18,31,0.021112068154967675
18,51,0.02258090897196125
18,28,0.022997193012409115
18,48,0.023493346048615523
18,27,0.025941909826572133
18,14,0.02639407491388927
18,25,0.02740831692315309
18,47,0.027799701345338223
18,24,0.031600086991810626
18,26,0.032532557922794844
18,46,0.03383170778131066
18,37,0.03525289139602594
18,23,0.035308878054251445
18,36,0.037057773960263704
18,35,0.038855408295113796
18,34,0.039685732874422223
18,45,0.0398896957232065
18,13,0.04019059339920229
18,12,0.043694477199984906
18,11,0.04704951296007217
18,44,0.050287586926497076
18,43,0.050650444398642754
18,10,0.05206384323654945
18,9,0.05220607255444523
18,38,0.0538696908742755
18,42,0.05512850565623922
18,39,0.05600118187645686
18,41,0.057787167016388696
18,7,0.05998377246297539
18,8,0.06007582187619239
18,40,0.061266704774208314
18,6,0.06244018457692133
18,5,0.06488973602797282
18,4,0.0678748601095427
18,3,0.07118266479593188
18,2,0.074579269139956
18,1,0.07797669039456594
18,52,0.08324483186630867
18,60,0.08655813646203343
18,53,0.08856015427380419
18,59,0.0891641612451999
18,54,0.09259099158179476
18,58,0.09523429977576353
18,55,0.09694295544746924
18,57,0.10199498747708144
18,56,0.10392450063281519
18,61,0.10993520053144942
18,62,0.11298672571983842
18,63,0.11610427384420438
18,66,0.11691354040011794
18,65,0.11816638413224807
18,64,0.12010039988184885
19,18,0.003580190839885495
19,20,0.00424608002279751
19,17,0.008535315609864659
19,21,0.009512263289564683
19,33,0.0111399562386932
19,22,0.014114328539466555
19,16,0.014536336226504928
19,30,0.017881316251607406
19,15,0.017930891652396985
19,32,0.01816650755896686
19,49,0.01840295775928425
19,50,0.019357884322673276
19,51,0.022138443609477153
19,29,0.02242360606347695
19,31,0.023925776130566803
19,48,0.026214164585010115
19,28,0.026295992690141937
19,27,0.029361380246848066
19,14,0.029974005703108802
19,47,0.030859643092232936
19,25,0.03095432365421671
19,24,0.03516363181697816
19,26,0.036051484954853136
19,46,0.037121945722308196
19,37,0.03731819924500645
19,23,0.038871203030006664
19,36,0.03943819426799354
19,35,0.04151649750267955
19,34,0.042874762243655606
19,45,0.04333530452321754
19,13,0.0437634571126414
19,12,0.04726810169543517
19,44,0.04843147757171982
19,43,0.04899868220115721
19,11,0.050627621797690626
19,38,0.05309308338305471
19,42,0.05348355238351319
19,39,0.05495406372498762
19,10,0.055644011060400705
19,9,0.05578298409811006
19,41,0.05637261418357322
19,40,0.05995047308870881
19,7,0.06356329447534957
19,8,0.06364701596092306
19,6,0.06601352217121886
19,5,0.06845003407515583
19,4,0.07144456518252448
19,3,0.07475436258172495
19,2,0.07815729071276711
19,1,0.08155278172790914
19,52,0.08681995012415061
19,60,0.09006554158750173
19,53,0.09213484387271734
19,59,0.09268954089804311
19,54,0.09616467526971631
19,58,0.09877575640758209
19,55,0.10051582030486546
19,57,0.10554173025396163
19,56,0.10749086125550399
19,61,0.1135123416530555
19,62,0.11656648485546776
19,63,0.11968428004454051
19,66,0.12048568746768228
19,65,0.12174322929066737
19,64,0.12368017880359812
20,19,0.00424608002279751
20,21,0.005294236059149594
20,18,0.007823253891444417
20,22,0.009957068974351831
20,17,0.012779418849071317
20,33,0.013450164480778643
20,16,0.018768277808312618
20,49,0.020873988043735216
20,50,0.020945262063053784
20,32,0.021302212595174255
20,30,0.021656078866914005
20,15,0.022160876807789002
20,51,0.022590944169069156
20,29,0.026244820087971663
20,31,0.0273704792594138
20,48,0.02980206029606005
20,28,0.030211260317967517
20,27,0.03339705100094918
20,14,0.03421641572242773
20,47,0.0347168983894011
20,25,0.03513606508831063
20,24,0.039368735134875744
20,37,0.03986643981408424
20,26,0.040195998612424136
20,46,0.04116187070882464
20,36,0.042316696557741826
20,23,0.04307371767748867
20,35,0.04469209983263259
20,44,0.046280498892946255
20,34,0.04663000530656196
20,43,0.04709853255559031
20,45,0.04749806238742797
20,13,0.047983043420462654
20,12,0.05148889758433368
20,42,0.05156867901274958
20,38,0.05224014524826669
20,39,0.0537633062868161
20,41,0.05472716024470848
20,11,0.054858328369081756
20,40,0.05840960673656346
20,10,0.05988317840504123
20,9,0.0600286590545716
20,7,0.06780665623757012
20,8,0.06789275185356679
20,6,0.07025956275447497
20,5,0.07269171041769477
20,4,0.07568993120990394
20,3,0.0790001774843576
20,2,0.08240241986738006
20,1,0.08579870048619613
20,52,0.09106600381042314
20,60,0.09427067172185634
20,53,0.09638092002284478
20,59,0.09690829804970269
20,54,0.10041073135501996
20,58,0.10300579039282207
20,55,0.10476179771806138
20,57,0.10977516555469184
20,56,0.11173501476658966
20,61,0.11773943284694385
20,62,0.12080223498396045
20,63,0.12392607230030331
20,66,0.12470138752283398
20,65,0.12596948742675748
20,64,0.12791600711189355
21,22,0.004708535382685369
21,20,0.005294236059149594
21,19,0.009512263289564683
21,18,0.013091288927374566
21,33,0.01782353090411658
21,17,0.01801355367188824
21,50,0.023184279039038486
21,51,0.02344127867203491
21,16,0.024048454249285943
21,49,0.024076840082535748
21,32,0.02603917865448141
21,30,0.026790873553880216
21,15,0.027442766379503356
21,29,0.03139046391820294
21,31,0.03227090974174729
21,48,0.0340838128996742
21,28,0.035401761855167566
21,27,0.0386456649559818
21,47,0.03930490139779007
21,14,0.039480128365799394
21,25,0.040430108753007336
21,37,0.04395532874407835
21,24,0.04466173766088819
21,44,0.04480546758923515
21,26,0.045483660756144094
21,43,0.04597198359392382
21,46,0.04598478267970823
21,36,0.04668758745587522
21,23,0.04836717296772676
21,35,0.049309556883022146
21,42,0.05037842157005319
21,34,0.05169778868152868
21,38,0.05246428856326941
21,45,0.052512865561212686
21,13,0.053271872123663945
21,39,0.05353607910353541
21,41,0.053882978991514584
21,12,0.05677719304439064
21,40,0.05767962884667342
21,11,0.060139850348999026
21,10,0.06515342988500294
21,9,0.0652745731949279
21,7,0.07306574342255066
21,8,0.07311889534750915
21,6,0.07549204139364628
21,5,0.07788893888094761
21,4,0.08091098193354218
21,3,0.08422682009247409
21,2,0.08765222415575083
21,1,0.09103997721270579
21,52,0.09630335921685182
21,60,0.09935510780307172
21,53,0.10161649301063286
21,59,0.10202669449599946
21,54,0.10564259598211313
21,58,0.10815619931377023
21,55,0.10999071284835826
21,57,0.1149362816602747
21,56,0.11694399178906117
21,61,0.12302410343461154
21,62,0.12607780531437718
21,63,0.12918951738391934
21,66,0.12999220304268255
21,65,0.13125478522114922
21,64,0.13319145055145246
22,21,0.004708535382685369
22,20,0.009957068974351831
22,19,0.014114328539466555
22,18,0.01767535444877981
22,33,0.02234524001034669
22,17,0.02253364230567261
22,51,0.024286733495676175
22,50,0.025195761962877806
22,49,0.026835977283676492
22,16,0.028628408870386063
22,32,0.030648230674053607
22,30,0.03149771265425473
22,15,0.032023145736950955
22,29,0.03609770268936793
22,31,0.036924122046299225
22,48,0.037597953833287234
22,28,0.040110142913731904
22,47,0.04306970949263531
22,27,0.04334406273205132
22,14,0.04401074609058563
22,44,0.044890622938203915
22,25,0.04506767502822839
22,43,0.04636729078660947
22,37,0.04822448454312395
22,24,0.04927494957440341
22,46,0.04996036119575192
22,26,0.05014756131548176
22,42,0.05067176488499289
22,36,0.05109776144803212
22,23,0.05298332440608082
22,35,0.053834997292189
22,38,0.05397506113938177
22,41,0.054460856901539845
22,39,0.054657704172879414
22,34,0.05639009335769888
22,45,0.056687089359041876
22,13,0.057861897807538296
22,40,0.05833160732021705
22,12,0.06136437178404096
22,11,0.06470393565657347
22,10,0.06968723738569348
22,9,0.06975811472832391
22,8,0.07756445010602471
22,7,0.07757298838874269
22,6,0.07994787496794399
22,5,0.08228551700907027
22,4,0.08534541815469646
22,3,0.08866998171376828
22,2,0.09213746880916575
22,1,0.09550811051717017
22,52,0.10076317559783435
22,60,0.10358212238069853
22,53,0.1060720909659558
22,59,0.10629924862128617
22,54,0.11009074319510241
22,58,0.11247286060401414
22,55,0.11443284671177244
22,57,0.11926731645811438
22,56,0.12135040543356256
22,61,0.1275911271074913
22,62,0.13061714880734457
22,63,0.13369865952125326
22,66,0.1345843247468293
22,65,0.13582359920131704
22,64,0.13773001086709463
23,24,0.0037102376689371283
23,26,0.0041302688108644575
23,13,0.005088352429814637
23,25,0.008008612232465729
23,12,0.008545358733839114
23,14,0.009611180202763869
23,27,0.011410220199452755
23,11,0.012077415157640319
23,34,0.015048713880262334
23,45,0.015314124627937435
23,28,0.015355993636362341
23,10,0.01730693456074758
23,9,0.018067466117029262
23,46,0.018180780874593922
23,29,0.01924149752202253
23,15,0.020988995389250996
23,31,0.021739923308282373
23,47,0.022296144998182974
23,30,0.02319311294091418
23,35,0.024205454610273285
23,16,0.024374145890471734
23,7,0.025333450526132492
23,8,0.026083222322596553
23,48,0.026776656660046277
23,32,0.027006990111635893
23,36,0.02736340552855219
23,6,0.0282589041268412
23,37,0.030435095085936552
23,17,0.03052862957225564
23,5,0.03128559465456903
23,4,0.033777958628667844
23,33,0.03413635378888615
23,18,0.035308878054251445
23,49,0.03633269390356293
23,3,0.03693411701936302
23,19,0.038871203030006664
23,2,0.03992586192632536
23,50,0.04107528499535943
23,20,0.04307371767748867
23,1,0.043423070119004675
23,51,0.047327696314631684
23,21,0.04836717296772676
23,52,0.04870566238703669
23,22,0.05298332440608082
23,53,0.05400936778420944
23,60,0.05403397943377855
23,59,0.05614116456656386
23,54,0.05806449014440748
23,58,0.061711138150985334
23,55,0.06242983455496262
23,57,0.06826768964891078
23,38,0.06858110744308524
23,56,0.06961471292370605
23,43,0.0722889497741529
23,39,0.07249899231637637
23,44,0.07339355509702468
23,61,0.0747292303490408
23,42,0.07620709571004525
23,41,0.07686477670487309
23,62,0.07788134117078364
23,40,0.0792112080741103
23,63,0.08113096264546601
23,66,0.08163893492421376
23,65,0.08295109627437125
23,64,0.08499139778171673
24,26,0.003134174036329185
24,23,0.0037102376689371283
24,25,0.004398189792403212
24,14,0.00616837437660848
24,27,0.00843236838379347
24,13,0.00868059263241865
24,12,0.01217989227743828
24,28,0.012281324607712332
24,11,0.01566005986227384
24,34,0.015932881705768107
24,29,0.015953681546589778
24,45,0.01602658402654789
24,46,0.017190179835301314
24,15,0.017278990868971476
24,31,0.018841036740317646
24,30,0.019710549953007413
24,47,0.0201356880135743
24,16,0.02066391229777169
24,10,0.020846501467872227
24,9,0.021441131860282018
24,32,0.023747001218890753
24,35,0.023883320516418984
24,48,0.024061741779222892
24,36,0.02649986212341491
24,17,0.02681895318613315
24,7,0.028873213364639605
24,37,0.02911568595946177
24,8,0.02947379199780712
24,33,0.030628677404680758
24,18,0.031600086991810626
24,6,0.031701341310581846
24,49,0.03303810560867556
24,5,0.03461778443069397
24,19,0.03516363181697816
24,4,0.03722115279730057
24,50,0.03776893368166487
24,20,0.039368735134875744
24,3,0.04041605210259905
24,2,0.043493026315950895
24,51,0.044008802856814924
24,21,0.04466173766088819
24,1,0.046975121340982154
24,22,0.04927494957440341
24,52,0.0522607848593953
24,60,0.05725041099808807
24,53,0.05757133028591576
24,59,0.05944566574990986
24,54,0.06162530846762549
24,58,0.06510782103472669
24,55,0.0659913549262326
24,38,0.06638821477159934
24,43,0.06955704127872318
24,39,0.07019208858874339
24,44,0.0705550635162353
